9 12 1452 1 1
9 12 1452 1 1
9 12 1452 1 1
9 12 1452 1 1
9 12 1452 1 1
9 12 1452 1 1
9 12 1452 1 1
9 12 1452 1 1
9 12 1452 1 1
9 12 1452 1 1
9 12 1452 1 1
9 12 1452 1 1
9 12 1452 1 1
9 12 1452 1 1
9 12 1452 1 1
9 12 1452 1 1
9 12 1452 1 1
9 12 1452 1 1
9 12 1452 1 1
9 12 1452 1 1
9 12 1452 1 1
9 12 1452 1 1
9 12 1452 1 1
9 12 1452 1 1
9 12 1452 1 1
9 12 1452 1 1
9 12 1452 1 1
9 12 1452 1 1
9 12 1452 1 1
9 12 1452 1 1
9 12 1452 1 1
9 12 1452 1 1
9 12 1452 1 1
9 12 1452 1 1
9 12 1452 1 1
9 12 1452 1 1
9 12 1452 1 1
9 12 1452 1 1
9 12 1452 1 1
9 12 1452 1 1
9 12 1452 1 1
9 12 1452 1 1
9 12 1452 1 1
9 12 1452 1 1
9 12 1452 1 1
9 12 1452 1 1
9 12 1452 1 1
9 12 1452 1 1
9 12 1452 1 1
9 12 1452 1 1
9 12 1452 1 1
9 12 1452 1 1
9 12 1452 1 1
9 12 1452 1 1
9 12 1452 1 1
9 12 1452 1 1
9 12 1452 1 1
9 12 1452 1 1
9 12 1452 1 1
9 12 1452 1 1
9 12 1452 1 1
9 12 1452 1 1
9 12 1452 1 1
9 12 1452 1 1
9 12 1452 1 1
9 12 1452 1 1
9 12 1452 1 1
9 12 1452 1 1
9 12 1452 1 1
9 12 1452 1 1
9 12 1452 1 1
9 12 1452 1 1
9 12 1452 1 1
9 12 1452 1 1
9 12 1452 1 1
9 12 1452 1 1
9 12 1452 1 1
9 12 1452 1 1
9 12 1452 1 1
9 12 1452 1 1
server_exit