9 12 4744 1 1
9 12 4744 1 1
9 12 4744 1 1
9 12 4744 1 1
9 12 4744 1 1
9 12 4744 1 1
9 12 4744 1 1
9 12 4744 1 1
9 12 4744 1 1
9 12 4744 1 1
9 12 4744 1 1
9 12 4744 1 1
9 12 4744 1 1
9 12 4744 1 1
9 12 4744 1 1
9 12 4744 1 1
9 12 4744 1 1
9 12 4744 1 1
9 12 4744 1 1
9 12 4744 1 1
9 12 4744 1 1
9 12 4744 1 1
9 12 4744 1 1
9 12 4744 1 1
9 12 4744 1 1
9 12 4744 1 1
9 12 4744 1 1
9 12 4744 1 1
9 12 4744 1 1
9 12 4744 1 1
9 12 4744 1 1
9 12 4744 1 1
9 12 4744 1 1
9 12 4744 1 1
9 12 4744 1 1
9 12 4744 1 1
9 12 4744 1 1
9 12 4744 1 1
9 12 4744 1 1
9 12 4744 1 1
server_exit