N1|N2|QID|Time|Degree|Overtime|Heu
9|12|79920|1,094|11|0|1
9|12|79920|500|11|0|1
9|12|79920|476|11|0|1
9|12|79920|469|11|0|1
9|12|79920|457|11|0|1
9|12|79920|459|11|0|1
9|12|79920|451|11|0|1
9|12|79920|466|11|0|1
9|12|79920|453|11|0|1
9|12|79920|450|11|0|1
9|12|79920|447|11|0|1
9|12|79920|447|11|0|1
9|12|79920|462|11|0|1
9|12|79920|449|11|0|1
9|12|79920|458|11|0|1
9|12|79920|450|11|0|1
9|12|79920|457|11|0|1
9|12|79920|454|11|0|1
9|12|79920|460|11|0|1
9|12|79920|451|11|0|1
9|12|79920|572|11|0|1
9|12|79920|463|11|0|1
9|12|79920|462|11|0|1
9|12|79920|451|11|0|1
9|12|79920|460|11|0|1
9|12|79920|451|11|0|1
9|12|79920|467|11|0|1
9|12|79920|451|11|0|1
9|12|79920|458|11|0|1
9|12|79920|453|11|0|1
9|12|79920|453|11|0|1
9|12|79920|450|11|0|1
9|12|79920|454|11|0|1
9|12|79920|450|11|0|1
9|12|79920|459|11|0|1
9|12|79920|449|11|0|1
9|12|79920|456|11|0|1
9|12|79920|450|11|0|1
9|12|79920|454|11|0|1
9|12|79920|447|11|0|1
9|12|79920|462|11|0|1
9|12|79920|449|11|0|1
9|12|79920|522|11|0|1
9|12|79920|472|11|0|1
9|12|79920|466|11|0|1
9|12|79920|451|11|0|1
9|12|79920|456|11|0|1
9|12|79920|455|11|0|1
9|12|79920|455|11|0|1
9|12|79920|454|11|0|1
9|12|79920|458|11|0|1
9|12|79920|452|11|0|1
9|12|79920|455|11|0|1
9|12|79920|448|11|0|1
9|12|79920|456|11|0|1
9|12|79920|448|11|0|1
9|12|79920|453|11|0|1
9|12|79920|455|11|0|1
9|12|79920|447|11|0|1
9|12|79920|456|11|0|1
9|12|79920|448|11|0|1
9|12|79920|451|11|0|1
9|12|79920|448|11|0|1
9|12|79920|461|11|0|1
9|12|79920|449|11|0|1
9|12|79920|520|11|0|1
9|12|79920|455|11|0|1
9|12|79920|459|11|0|1
9|12|79920|453|11|0|1
9|12|79920|460|11|0|1
9|12|79920|451|11|0|1
9|12|79920|452|11|0|1
9|12|79920|448|11|0|1
9|12|79920|453|11|0|1
9|12|79920|446|11|0|1
9|12|79920|461|11|0|1
9|12|79920|451|11|0|1
9|12|79920|453|11|0|1
9|12|79920|448|11|0|1
9|12|79920|454|11|0|1
9|12|79920|447|11|0|1
9|12|79920|456|11|0|1
9|12|79920|447|11|0|1
9|12|79920|465|11|0|1
9|12|79920|452|11|0|1
9|12|79920|463|11|0|1
9|12|79920|448|11|0|1
9|12|79920|449|11|0|1
9|12|79920|472|11|0|1
9|12|79920|464|11|0|1
9|12|79920|451|11|0|1
9|12|79920|457|11|0|1
9|12|79920|451|11|0|1
9|12|79920|456|11|0|1
9|12|79920|453|11|0|1
9|12|79920|450|11|0|1
9|12|79920|467|11|0|1
9|12|79920|457|11|0|1
9|12|79920|455|11|0|1
9|12|79920|453|11|0|1
9|12|79920|1,092|11|0|1
9|12|79920|492|11|0|1
9|12|79920|490|11|0|1
9|12|79920|471|11|0|1
9|12|79920|463|11|0|1
9|12|79920|455|11|0|1
9|12|79920|467|11|0|1
9|12|79920|449|11|0|1
9|12|79920|457|11|0|1
9|12|79920|449|11|0|1
9|12|79920|463|11|0|1
9|12|79920|451|11|0|1
9|12|79920|460|11|0|1
9|12|79920|448|11|0|1
9|12|79920|469|11|0|1
9|12|79920|447|11|0|1
9|12|79920|452|11|0|1
9|12|79920|456|11|0|1
9|12|79920|454|11|0|1
9|12|79920|446|11|0|1
9|12|79920|556|11|0|1
9|12|79920|464|11|0|1
9|12|79920|470|11|0|1
9|12|79920|452|11|0|1
9|12|79920|458|11|0|1
9|12|79920|448|11|0|1
9|12|79920|467|11|0|1
9|12|79920|452|11|0|1
9|12|79920|455|11|0|1
9|12|79920|450|11|0|1
9|12|79920|457|11|0|1
9|12|79920|446|11|0|1
9|12|79920|456|11|0|1
9|12|79920|449|11|0|1
9|12|79920|455|11|0|1
9|12|79920|449|11|0|1
9|12|79920|456|11|0|1
9|12|79920|447|11|0|1
9|12|79920|453|11|0|1
9|12|79920|453|11|0|1
9|12|79920|456|11|0|1
9|12|79920|471|11|0|1
9|12|79920|450|11|0|1
9|12|79920|536|11|0|1
9|12|79920|468|11|0|1
9|12|79920|454|11|0|1
9|12|79920|448|11|0|1
9|12|79920|459|11|0|1
9|12|79920|453|11|0|1
9|12|79920|456|11|0|1
9|12|79920|446|11|0|1
9|12|79920|457|11|0|1
9|12|79920|449|11|0|1
9|12|79920|454|11|0|1
9|12|79920|453|11|0|1
9|12|79920|457|11|0|1
9|12|79920|450|11|0|1
9|12|79920|457|11|0|1
9|12|79920|448|11|0|1
9|12|79920|455|11|0|1
9|12|79920|449|11|0|1
9|12|79920|454|11|0|1
9|12|79920|449|11|0|1
9|12|79920|463|11|0|1
9|12|79920|449|11|0|1
9|12|79920|509|11|0|1
9|12|79920|458|11|0|1
9|12|79920|467|11|0|1
9|12|79920|450|11|0|1
9|12|79920|464|11|0|1
9|12|79920|453|11|0|1
9|12|79920|457|11|0|1
9|12|79920|449|11|0|1
9|12|79920|457|11|0|1
9|12|79920|449|11|0|1
9|12|79920|454|11|0|1
9|12|79920|449|11|0|1
9|12|79920|450|11|0|1
9|12|79920|447|11|0|1
9|12|79920|482|11|0|1
9|12|79920|456|11|0|1
9|12|79920|468|11|0|1
9|12|79920|453|11|0|1
9|12|79920|459|11|0|1
9|12|79920|446|11|0|1
9|12|79920|455|11|0|1
9|12|79920|448|11|0|1
9|12|79920|458|11|0|1
9|12|79920|451|11|0|1
9|12|79920|451|11|0|1
9|12|79920|449|11|0|1
9|12|79920|454|11|0|1
9|12|79920|453|11|0|1
9|12|79920|454|11|0|1
9|12|79920|450|11|0|1
9|12|79920|453|11|0|1
9|12|79920|448|11|0|1
9|12|79920|454|11|0|1
9|12|79920|448|11|0|1
9|12|79920|509|11|0|1
