N1|N2|QID|Time|Degree|Overtime|Heu
3|6|321|338,242|4|0|0
3|6|321|302,385|4|0|0
3|6|321|266,978|4|0|0
3|6|321|231,625|4|0|0
3|6|321|196,228|4|0|0
3|6|321|160,761|4|0|0
3|6|321|125,393|4|0|0
3|6|321|89,968|4|0|0
3|6|321|54,581|4|0|0
3|6|321|19,127|4|0|0
6|9|321|395,300|5|0|0
6|9|321|359,556|5|0|0
6|9|321|324,134|5|0|0
6|9|321|288,390|5|0|0
6|9|321|251,526|5|0|0
6|9|321|216,114|5|0|0
6|9|321|180,630|5|0|0
6|9|321|145,208|5|0|0
6|9|321|109,822|5|0|0
6|9|321|74,459|5|0|0
9|12|321|377,396|6|0|0
9|12|321|341,262|6|0|0
9|12|321|305,848|6|0|0
9|12|321|269,107|6|0|0
9|12|321|233,458|6|0|0
9|12|321|198,022|6|0|0
9|12|321|162,546|6|0|0
9|12|321|126,988|6|0|0
9|12|321|91,566|6|0|0
9|12|321|55,967|6|0|0
12|15|321|376,460|6|0|0
12|15|321|340,364|6|0|0
12|15|321|304,976|6|0|0
12|15|321|268,438|6|0|0
12|15|321|233,080|6|0|0
12|15|321|197,499|6|0|0
12|15|321|162,026|6|0|0
12|15|321|126,711|6|0|0
12|15|321|91,375|6|0|0
12|15|321|56,057|6|0|0
15|18|321|328,853|5|0|0
15|18|321|293,140|5|0|0
15|18|321|257,720|5|0|0
15|18|321|222,307|5|0|0
15|18|321|186,928|5|0|0
15|18|321|151,548|5|0|0
15|18|321|116,318|5|0|0
15|18|321|80,873|5|0|0
15|18|321|45,409|5|0|0
15|18|321|10,047|5|0|0
