N1|N2|QID|Time|Degree|Overtime|Heu
3|6|1127|936|5|0|1
3|6|1127|823|5|0|1
3|6|1127|805|5|0|1
3|6|1127|805|5|0|1
3|6|1127|811|5|0|1
3|6|1127|803|5|0|1
3|6|1127|799|5|0|1
3|6|1127|798|5|0|1
3|6|1127|786|5|0|1
3|6|1127|797|5|0|1
6|9|1127|1,001|8|0|1
6|9|1127|899|8|0|1
6|9|1127|890|8|0|1
6|9|1127|885|8|0|1
6|9|1127|877|8|0|1
6|9|1127|876|8|0|1
6|9|1127|880|8|0|1
6|9|1127|877|8|0|1
6|9|1127|880|8|0|1
6|9|1127|957|8|0|1
9|12|1127|3,420,109|9|0|0
9|12|1127|3,417,873|9|0|0
9|12|1127|3,416,089|9|0|0
9|12|1127|3,414,315|9|0|0
9|12|1127|3,412,552|9|0|0
9|12|1127|3,410,795|9|0|0
9|12|1127|3,409,040|9|0|0
9|12|1127|3,407,280|9|0|0
9|12|1127|3,405,518|9|0|0
9|12|1127|3,403,760|9|0|0
12|15|1127|9,140,601|9|0|0
12|15|1127|9,139,988|9|0|0
12|15|1127|9,138,158|9|0|0
12|15|1127|9,136,308|9|0|0
12|15|1127|9,134,478|9|0|0
12|15|1127|9,132,659|9|0|0
12|15|1127|9,130,840|9|0|0
12|15|1127|9,129,018|9|0|0
12|15|1127|9,225,293|9|0|0
12|15|1127|9,222,892|9|0|0
15|18|1127|404,310,311|10|0|0
15|18|1127|404,309,765|10|0|0
15|18|1127|404,307,885|10|0|0
15|18|1127|404,306,017|10|0|0
15|18|1127|404,300,303|10|0|0
15|18|1127|404,298,443|10|0|0
15|18|1127|404,352,258|9|0|0
15|18|1127|404,349,832|9|0|0
15|18|1127|404,364,072|9|0|0
15|18|1127|404,385,116|9|0|0
18|21|1127|1,300,139,466|8|2|0
18|21|1127|1,300,138,137|8|2|0
18|21|1127|1,300,135,888|8|2|0
18|21|1127|1,300,133,771|8|2|0
18|21|1127|1,300,131,665|8|2|0
18|21|1127|1,300,139,466|8|2|0
18|21|1127|1,300,138,137|8|2|0
18|21|1127|1,300,135,888|8|2|0
18|21|1127|1,300,133,771|8|2|0
18|21|1127|1,300,131,665|8|2|0
21|24|1127|800,135,939|5|2|0
21|24|1127|800,134,530|5|2|0
21|24|1127|800,132,138|5|2|0
21|24|1127|800,129,941|5|2|0
21|24|1127|800,127,745|5|2|0
21|24|1127|800,125,558|5|2|0
21|24|1127|800,123,367|5|2|0
21|24|1127|800,121,200|5|2|0
21|24|1127|800,119,011|5|2|0
21|24|1127|800,116,821|5|2|0

