N1|N2|QID|Time|Degree|Overtime|Heu
3|6|1127|520|5|0|1
3|6|1127|379|5|0|1
3|6|1127|361|5|0|1
3|6|1127|357|5|0|1
3|6|1127|358|5|0|1
3|6|1127|345|5|0|1
3|6|1127|351|5|0|1
3|6|1127|336|5|0|1
3|6|1127|335|5|0|1
3|6|1127|350|5|0|1
6|9|1127|570|8|0|1
6|9|1127|520|8|0|1
6|9|1127|503|8|0|1
6|9|1127|506|8|0|1
6|9|1127|488|8|0|1
6|9|1127|491|8|0|1
6|9|1127|480|8|0|1
6|9|1127|486|8|0|1
6|9|1127|476|8|0|1
6|9|1127|486|8|0|1
9|12|1127|205,143|10|0|0
9|12|1127|203,001|10|0|0
9|12|1127|201,318|10|0|0
9|12|1127|199,645|10|0|0
9|12|1127|197,965|10|0|0
9|12|1127|196,263|10|0|0
9|12|1127|194,592|10|0|0
9|12|1127|192,929|10|0|0
9|12|1127|191,258|10|0|0
9|12|1127|189,591|10|0|0
12|15|1127|274,205|12|0|0
12|15|1127|272,005|12|0|0
12|15|1127|270,235|12|0|0
12|15|1127|268,486|12|0|0
12|15|1127|266,728|12|0|0
12|15|1127|264,967|12|0|0
12|15|1127|263,213|12|0|0
12|15|1127|261,470|12|0|0
12|15|1127|259,737|12|0|0
12|15|1127|257,998|12|0|0
15|18|1127|761,471|13|0|0
15|18|1127|755,815|13|0|0
15|18|1127|753,927|13|0|0
15|18|1127|780,680|13|0|0
15|18|1127|778,222|13|0|0
15|18|1127|776,308|13|0|0
15|18|1127|772,458|13|0|0
15|18|1127|770,565|13|0|0
15|18|1127|764,789|13|0|0
15|18|1127|762,904|13|0|0
18|21|1127|2,140,622,331|13|0|0
18|21|1127|2,140,621,197|13|0|0
18|21|1127|2,140,619,223|13|0|0
18|21|1127|2,140,617,237|13|0|0
18|21|1127|2,140,672,976|13|0|0
18|21|1127|2,140,670,444|13|0|0
18|21|1127|2,140,668,445|13|0|0
18|21|1127|2,140,666,442|13|0|0
18|21|1127|2,140,656,129|13|0|0
18|21|1127|2,140,654,142|13|0|0
21|24|1127|1,645,688,551|9|2|0
21|24|1127|1,645,689,921|9|2|0
21|24|1127|1,645,687,826|9|2|0
21|24|1127|1,645,685,729|9|2|0
21|24|1127|1,645,683,601|9|2|0
