N1|N2|QID|Time|Degree|Overtime|Heu
3|6|1452|2,999|5|0|1
3|6|1452|2,778|5|0|1
3|6|1452|2,776|5|0|1
3|6|1452|2,838|5|0|1
3|6|1452|2,771|5|0|1
3|6|1452|2,760|5|0|1
3|6|1452|2,814|5|0|1
3|6|1452|2,784|5|0|1
3|6|1452|2,751|5|0|1
3|6|1452|2,803|5|0|1
6|9|1452|4,793|8|0|1
6|9|1452|4,305|8|0|1
6|9|1452|4,344|8|0|1
6|9|1452|4,272|8|0|1
6|9|1452|4,310|8|0|1
6|9|1452|4,283|8|0|1
6|9|1452|4,299|8|0|1
6|9|1452|4,259|8|0|1
6|9|1452|4,303|8|0|1
6|9|1452|4,256|8|0|1
9|12|1452|2,612,353|9|0|0
9|12|1452|2,604,581|9|0|0
9|12|1452|2,597,561|9|0|0
9|12|1452|2,590,533|9|0|0
9|12|1452|2,583,509|9|0|0
9|12|1452|2,576,489|9|0|0
9|12|1452|2,569,484|9|0|0
9|12|1452|2,562,480|9|0|0
9|12|1452|2,555,472|9|0|0
9|12|1452|2,548,468|9|0|0
12|15|1452|29,936,025|10|0|0
12|15|1452|29,926,713|10|0|0
12|15|1452|29,917,956|10|0|0
12|15|1452|29,909,029|10|0|0
12|15|1452|29,900,277|10|0|0
12|15|1452|29,891,518|10|0|0
12|15|1452|29,882,780|10|0|0
12|15|1452|29,874,031|10|0|0
12|15|1452|29,865,252|10|0|0
12|15|1452|29,856,477|10|0|0
15|18|1452|152,033,441|9|0|0
15|18|1452|152,026,101|9|0|0
15|18|1452|152,015,721|9|0|0
15|18|1452|152,005,316|9|0|0
15|18|1452|151,994,778|9|0|0
15|18|1452|151,984,348|9|0|0
15|18|1452|152,117,306|9|0|0
15|18|1452|152,106,917|9|0|0
15|18|1452|152,136,086|10|0|0
15|18|1452|152,125,742|10|0|0
18|21|1452|357,931,198|2|2|0
18|21|1452|357,921,854|2|2|0
18|21|1452|357,909,881|2|2|0
18|21|1452|357,897,881|2|2|0
18|21|1452|357,885,848|2|2|0
18|21|1452|357,873,862|2|2|0
18|21|1452|357,861,907|2|2|0
18|21|1452|357,849,965|2|2|0
18|21|1452|357,837,977|2|2|0
18|21|1452|357,825,982|2|2|0
21|24|1452|357,999,188|2|2|0
21|24|1452|357,987,683|2|2|0
21|24|1452|357,973,901|2|2|0
21|24|1452|357,960,175|2|2|0
21|24|1452|357,946,474|2|2|0
21|24|1452|357,932,746|2|2|0
21|24|1452|357,919,021|2|2|0
21|24|1452|357,905,243|2|2|0
21|24|1452|357,891,542|2|2|0
21|24|1452|357,877,820|2|2|0
