9 12 321 1 1
9 12 321 1 1
9 12 321 1 1
9 12 321 1 1
9 12 321 1 1
9 12 321 1 1
9 12 321 1 1
9 12 321 1 1
9 12 321 1 1
9 12 321 1 1
9 12 321 1 1
9 12 321 1 1
9 12 321 1 1
9 12 321 1 1
9 12 321 1 1
9 12 321 1 1
9 12 321 1 1
9 12 321 1 1
9 12 321 1 1
9 12 321 1 1
9 12 321 1 1
9 12 321 1 1
9 12 321 1 1
9 12 321 1 1
9 12 321 1 1
9 12 321 1 1
9 12 321 1 1
9 12 321 1 1
9 12 321 1 1
9 12 321 1 1
9 12 321 1 1
9 12 321 1 1
9 12 321 1 1
9 12 321 1 1
9 12 321 1 1
9 12 321 1 1
9 12 321 1 1
9 12 321 1 1
9 12 321 1 1
9 12 321 1 1
9 12 321 1 1
9 12 321 1 1
9 12 321 1 1
9 12 321 1 1
9 12 321 1 1
9 12 321 1 1
9 12 321 1 1
9 12 321 1 1
9 12 321 1 1
9 12 321 1 1
9 12 321 1 1
9 12 321 1 1
9 12 321 1 1
9 12 321 1 1
9 12 321 1 1
9 12 321 1 1
9 12 321 1 1
9 12 321 1 1
9 12 321 1 1
9 12 321 1 1
9 12 321 1 1
9 12 321 1 1
9 12 321 1 1
9 12 321 1 1
9 12 321 1 1
9 12 321 1 1
9 12 321 1 1
9 12 321 1 1
9 12 321 1 1
9 12 321 1 1
9 12 321 1 1
9 12 321 1 1
9 12 321 1 1
9 12 321 1 1
9 12 321 1 1
9 12 321 1 1
9 12 321 1 1
9 12 321 1 1
9 12 321 1 1
9 12 321 1 1
server_exit