N1|N2|QID|Time|Degree|Overtime|Heu|TotalTime
18|21|1876|1,300,782|17|0|0|0
18|21|1876|1,302,204|17|0|0|0
18|21|1876|1,302,509|17|0|0|0
18|21|1876|1,305,779|17|0|0|0
18|21|1876|1,305,918|17|0|0|0
18|21|1876|1,302,801|17|0|0|0
18|21|1876|1,297,308|17|0|0|0
18|21|1876|1,297,055|17|0|0|0
18|21|1876|1,296,457|17|0|0|0
18|21|1876|1,300,179|17|0|0|0
18|21|1876|1,295,230|17|0|0|0
18|21|1876|1,295,124|17|0|0|0
18|21|1876|1,294,824|17|0|0|0
18|21|1876|1,291,926|17|0|0|0
18|21|1876|1,293,985|17|0|0|0
18|21|1876|1,292,049|17|0|0|0
18|21|1876|1,292,020|17|0|0|0
18|21|1876|1,291,300|17|0|0|0
18|21|1876|1,290,698|17|0|0|0
18|21|1876|1,289,629|17|0|0|0
18|21|1876|1,291,985|17|0|0|0
18|21|1876|1,291,891|17|0|0|0
18|21|1876|1,292,036|17|0|0|0
18|21|1876|1,293,717|17|0|0|0
18|21|1876|1,289,680|17|0|0|0
18|21|1876|1,289,792|17|0|0|0
18|21|1876|1,291,867|17|0|0|0
18|21|1876|1,289,740|17|0|0|0
18|21|1876|1,292,841|17|0|0|0
18|21|1876|1,290,659|17|0|0|0
18|21|1876|1,289,366|17|0|0|0
18|21|1876|1,289,364|17|0|0|0
18|21|1876|1,291,088|17|0|0|0
18|21|1876|1,292,127|17|0|0|0
18|21|1876|1,293,279|17|0|0|0
18|21|1876|1,295,877|17|0|0|0
18|21|1876|1,294,003|17|0|0|0
18|21|1876|1,296,059|17|0|0|0
18|21|1876|1,292,788|17|0|0|0
18|21|1876|1,294,053|17|0|0|0
18|21|1876|1,293,887|17|0|0|0
18|21|1876|1,294,045|17|0|0|0
18|21|1876|1,292,411|17|0|0|0
18|21|1876|1,291,646|17|0|0|0
18|21|1876|1,292,088|17|0|0|0
18|21|1876|1,291,809|17|0|0|0
18|21|1876|1,292,101|17|0|0|0
18|21|1876|1,292,033|17|0|0|0
18|21|1876|1,293,776|17|0|0|0
18|21|1876|1,292,711|17|0|0|0
18|21|1876|1,292,457|17|0|0|0
18|21|1876|1,292,602|17|0|0|0
18|21|1876|1,292,531|17|0|0|0
18|21|1876|1,290,450|17|0|0|0
18|21|1876|1,288,904|17|0|0|0
18|21|1876|1,289,215|17|0|0|0
18|21|1876|1,288,282|17|0|0|0
18|21|1876|1,288,520|17|0|0|0
18|21|1876|1,288,467|17|0|0|0
18|21|1876|1,289,731|17|0|0|0
18|21|1876|1,287,734|17|0|0|0
18|21|1876|1,287,600|17|0|0|0
18|21|1876|1,287,387|17|0|0|0
18|21|1876|1,289,051|17|0|0|0
18|21|1876|1,288,952|17|0|0|0
18|21|1876|1,290,158|17|0|0|0
18|21|1876|1,291,735|17|0|0|0
18|21|1876|1,292,631|17|0|0|0
18|21|1876|1,292,600|17|0|0|0
18|21|1876|1,291,664|17|0|0|0
18|21|1876|1,294,289|17|0|0|0
18|21|1876|1,294,477|17|0|0|0
18|21|1876|1,294,442|17|0|0|0
18|21|1876|1,295,759|17|0|0|0
18|21|1876|1,299,906|17|0|0|0
18|21|1876|1,297,721|17|0|0|0
18|21|1876|1,258,852|17|0|0|0
18|21|1876|1,258,184|17|0|0|0
18|21|1876|1,257,619|17|0|0|0
18|21|1876|1,256,503|17|0|0|0
18|21|1876|1,329,692|17|0|0|0
18|21|1876|1,329,664|17|0|0|0
18|21|1876|1,329,631|17|0|0|0
18|21|1876|1,326,846|17|0|0|0
18|21|1876|1,324,210|17|0|0|0
18|21|1876|1,323,845|17|0|0|0
18|21|1876|1,323,464|17|0|0|0
18|21|1876|1,323,423|17|0|0|0
18|21|1876|1,286,337|17|0|0|0
18|21|1876|1,286,903|17|0|0|0
18|21|1876|1,371,082|17|0|0|0
18|21|1876|1,371,017|17|0|0|0
18|21|1876|1,371,125|17|0|0|0
18|21|1876|1,371,124|17|0|0|0
18|21|1876|1,371,577|17|0|0|0
18|21|1876|1,370,988|17|0|0|0
18|21|1876|1,370,027|17|0|0|0
18|21|1876|1,369,147|17|0|0|0
18|21|1876|1,330,982|17|0|0|0
18|21|1876|1,329,037|17|0|0|0
18|21|1876|1,392,993|17|0|0|0
18|21|1876|1,392,859|17|0|0|0
18|21|1876|1,392,746|17|0|0|0
18|21|1876|1,355,071|17|0|0|0
18|21|1876|1,355,629|17|0|0|0
18|21|1876|1,394,211|17|0|0|0
18|21|1876|1,394,783|17|0|0|0
18|21|1876|1,397,674|17|0|0|0
18|21|1876|1,398,064|17|0|0|0
18|21|1876|1,398,608|17|0|0|0
18|21|1876|1,397,482|17|0|0|0
18|21|1876|1,397,903|17|0|0|0
18|21|1876|1,399,871|17|0|0|0
18|21|1876|1,398,642|17|0|0|0
18|21|1876|1,400,507|17|0|0|0
18|21|1876|1,400,555|17|0|0|0
18|21|1876|1,399,986|17|0|0|0
18|21|1876|1,395,449|17|0|0|0
18|21|1876|1,357,712|17|0|0|0
18|21|1876|1,357,560|17|0|0|0
18|21|1876|1,409,041|17|0|0|0
18|21|1876|1,409,187|17|0|0|0
18|21|1876|1,407,664|17|0|0|0
18|21|1876|1,408,284|17|0|0|0
18|21|1876|1,407,521|17|0|0|0
18|21|1876|1,407,667|17|0|0|0
18|21|1876|1,408,839|17|0|0|0
18|21|1876|1,407,829|17|0|0|0
18|21|1876|1,407,880|17|0|0|0
18|21|1876|1,408,858|17|0|0|0
18|21|1876|1,407,784|17|0|0|0
18|21|1876|1,356,136|17|0|0|0
18|21|1876|1,393,911|17|0|0|0
18|21|1876|1,394,100|17|0|0|0
18|21|1876|1,354,554|17|0|0|0
18|21|1876|1,354,505|17|0|0|0
18|21|1876|1,391,687|17|0|0|0
18|21|1876|1,392,026|17|0|0|0
18|21|1876|1,392,193|17|0|0|0
18|21|1876|1,392,348|17|0|0|0
18|21|1876|1,408,636|17|0|0|0
18|21|1876|1,356,587|17|0|0|0
18|21|1876|1,292,090|17|0|0|0
18|21|1876|1,248,465|17|0|0|0
18|21|1876|1,248,098|17|0|0|0
18|21|1876|1,247,733|17|0|0|0
18|21|1876|1,288,199|17|0|0|0
18|21|1876|1,326,840|17|0|0|0
18|21|1876|1,327,769|17|0|0|0
18|21|1876|1,324,716|17|0|0|0
18|21|1876|1,326,251|17|0|0|0
18|21|1876|1,326,453|17|0|0|0
18|21|1876|1,324,656|17|0|0|0
18|21|1876|1,327,445|17|0|0|0
18|21|1876|1,326,342|17|0|0|0
18|21|1876|1,326,928|17|0|0|0
18|21|1876|1,329,798|17|0|0|0
18|21|1876|1,329,770|17|0|0|0
18|21|1876|1,330,919|17|0|0|0
18|21|1876|1,334,889|17|0|0|0
18|21|1876|1,336,093|17|0|0|0
18|21|1876|1,336,033|17|0|0|0
18|21|1876|1,338,316|17|0|0|0
18|21|1876|1,336,259|17|0|0|0
18|21|1876|1,338,621|17|0|0|0
18|21|1876|1,337,514|17|0|0|0
18|21|1876|1,334,242|17|0|0|0
18|21|1876|1,335,936|17|0|0|0
18|21|1876|1,336,217|17|0|0|0
18|21|1876|1,332,942|17|0|0|0
18|21|1876|1,332,584|17|0|0|0
18|21|1876|1,332,657|17|0|0|0
18|21|1876|1,330,244|17|0|0|0
18|21|1876|1,331,261|17|0|0|0
18|21|1876|1,333,249|17|0|0|0
18|21|1876|1,332,649|17|0|0|0
18|21|1876|1,334,295|17|0|0|0
18|21|1876|1,334,444|17|0|0|0
18|21|1876|1,334,951|17|0|0|0
18|21|1876|1,334,728|17|0|0|0
18|21|1876|1,334,882|17|0|0|0
18|21|1876|1,334,858|17|0|0|0
18|21|1876|1,334,980|17|0|0|0
18|21|1876|1,335,360|17|0|0|0
18|21|1876|1,293,406|17|0|0|0
18|21|1876|1,293,044|17|0|0|0
18|21|1876|1,290,728|17|0|0|0
18|21|1876|1,288,881|17|0|0|0
18|21|1876|1,287,830|17|0|0|0
18|21|1876|1,325,647|17|0|0|0
18|21|1876|1,332,332|17|0|0|0
18|21|1876|1,332,640|17|0|0|0
18|21|1876|1,332,673|17|0|0|0
18|21|1876|1,334,764|17|0|0|0
18|21|1876|1,333,778|17|0|0|0
18|21|1876|1,333,507|17|0|0|0
18|21|1876|1,335,640|17|0|0|0
18|21|1876|1,335,381|17|0|0|0
18|21|1876|1,333,380|17|0|0|0
18|21|1876|1,334,226|17|0|0|0
18|21|1876|1,331,007|17|0|0|0
18|21|1876|1,330,970|17|0|0|0
18|21|1876|1,330,993|17|0|0|0
18|21|1876|1,331,230|17|0|0|0
18|21|1876|1,332,519|17|0|0|0
18|21|1876|1,332,778|17|0|0|0
18|21|1876|1,330,553|17|0|0|0
18|21|1876|1,330,348|17|0|0|0
18|21|1876|1,329,717|17|0|0|0
18|21|1876|1,330,307|17|0|0|0
18|21|1876|1,369,256|17|0|0|0
18|21|1876|1,290,200|17|0|0|0
18|21|1876|1,210,907|17|0|0|0
18|21|1876|1,164,676|17|0|0|0
18|21|1876|1,165,208|17|0|0|0
18|21|1876|1,164,650|17|0|0|0
18|21|1876|1,166,878|17|0|0|0
18|21|1876|1,167,156|17|0|0|0
18|21|1876|1,169,295|17|0|0|0
18|21|1876|1,209,950|17|0|0|0
18|21|1876|1,294,763|17|0|0|0
18|21|1876|1,294,924|17|0|0|0
18|21|1876|1,294,984|17|0|0|0
18|21|1876|1,295,119|17|0|0|0
18|21|1876|1,292,643|17|0|0|0
18|21|1876|1,290,632|17|0|0|0
18|21|1876|1,291,673|17|0|0|0
18|21|1876|1,288,576|17|0|0|0
18|21|1876|1,286,907|17|0|0|0
18|21|1876|1,286,050|17|0|0|0
18|21|1876|1,288,790|17|0|0|0
18|21|1876|1,288,606|17|0|0|0
18|21|1876|1,286,925|17|0|0|0
18|21|1876|1,291,266|17|0|0|0
18|21|1876|1,293,488|17|0|0|0
18|21|1876|1,295,734|17|0|0|0
18|21|1876|1,296,526|17|0|0|0
18|21|1876|1,295,193|17|0|0|0
18|21|1876|1,296,197|17|0|0|0
18|21|1876|1,297,515|17|0|0|0
18|21|1876|1,297,034|17|0|0|0
18|21|1876|1,217,558|17|0|0|0
18|21|1876|1,137,516|17|0|0|0
18|21|1876|1,052,607|17|0|0|0
18|21|1876|969,136|17|0|0|0
18|21|1876|885,485|17|0|0|0
18|21|1876|799,131|17|0|0|0
18|21|1876|715,919|17|0|0|0
18|21|1876|630,102|17|0|0|0
18|21|1876|542,297|17|0|0|0
-1|-1|-1|-1|-1|-1|-1|33,697,989
