N1|N2|QID|Time|Degree|Overtime|Heu|TotalTime
9|12|79920|1,219|11|0|1
9|12|79920|489|11|0|1
9|12|79920|470|11|0|1
9|12|79920|462|11|0|1
9|12|79920|451|11|0|1
9|12|79920|454|11|0|1
9|12|79920|447|11|0|1
9|12|79920|461|11|0|1
9|12|79920|457|11|0|1
9|12|79920|454|11|0|1
9|12|79920|449|11|0|1
9|12|79920|452|11|0|1
9|12|79920|446|11|0|1
9|12|79920|458|11|0|1
9|12|79920|447|11|0|1
9|12|79920|452|11|0|1
9|12|79920|448|11|0|1
9|12|79920|456|11|0|1
9|12|79920|450|11|0|1
9|12|79920|454|11|0|1
9|12|79920|450|11|0|1
9|12|79920|449|11|0|1
9|12|79920|448|11|0|1
9|12|79920|448|11|0|1
9|12|79920|447|11|0|1
9|12|79920|447|11|0|1
9|12|79920|453|11|0|1
9|12|79920|446|11|0|1
9|12|79920|448|11|0|1
9|12|79920|445|11|0|1
9|12|79920|453|11|0|1
9|12|79920|445|11|0|1
9|12|79920|452|11|0|1
9|12|79920|445|11|0|1
9|12|79920|450|11|0|1
9|12|79920|448|11|0|1
9|12|79920|451|11|0|1
9|12|79920|446|11|0|1
9|12|79920|453|11|0|1
9|12|79920|448|11|0|1
9|12|79920|451|11|0|1
9|12|79920|447|11|0|1
9|12|79920|451|11|0|1
9|12|79920|447|11|0|1
9|12|79920|454|11|0|1
9|12|79920|446|11|0|1
9|12|79920|450|11|0|1
9|12|79920|449|11|0|1
9|12|79920|935|11|0|1
9|12|79920|453|11|0|1
9|12|79920|446|11|0|1
9|12|79920|450|11|0|1
9|12|79920|445|11|0|1
9|12|79920|452|11|0|1
9|12|79920|446|11|0|1
9|12|79920|446|11|0|1
9|12|79920|446|11|0|1
9|12|79920|446|11|0|1
9|12|79920|447|11|0|1
9|12|79920|444|11|0|1
9|12|79920|450|11|0|1
9|12|79920|444|11|0|1
9|12|79920|450|11|0|1
9|12|79920|445|11|0|1
9|12|79920|449|11|0|1
9|12|79920|445|11|0|1
9|12|79920|450|11|0|1
9|12|79920|445|11|0|1
9|12|79920|450|11|0|1
9|12|79920|445|11|0|1
9|12|79920|451|11|0|1
9|12|79920|447|11|0|1
9|12|79920|450|11|0|1
9|12|79920|444|11|0|1
9|12|79920|450|11|0|1
9|12|79920|444|11|0|1
9|12|79920|449|11|0|1
9|12|79920|445|11|0|1
9|12|79920|451|11|0|1
9|12|79920|446|11|0|1
9|12|79920|453|11|0|1
9|12|79920|447|11|0|1
9|12|79920|450|11|0|1
9|12|79920|445|11|0|1
9|12|79920|452|11|0|1
9|12|79920|445|11|0|1
9|12|79920|444|11|0|1
9|12|79920|446|11|0|1
9|12|79920|448|11|0|1
9|12|79920|449|11|0|1
9|12|79920|445|11|0|1
9|12|79920|450|11|0|1
9|12|79920|445|11|0|1
9|12|79920|452|11|0|1
9|12|79920|446|11|0|1
9|12|79920|451|11|0|1
9|12|79920|446|11|0|1
9|12|79920|449|11|0|1
9|12|79920|445|11|0|1
9|12|79920|453|11|0|1
9|12|79920|448|11|0|1
9|12|79920|452|11|0|1
9|12|79920|454|11|0|1
9|12|79920|450|11|0|1
9|12|79920|446|11|0|1
9|12|79920|451|11|0|1
9|12|79920|446|11|0|1
9|12|79920|451|11|0|1
9|12|79920|446|11|0|1
9|12|79920|452|11|0|1
9|12|79920|446|11|0|1
9|12|79920|452|11|0|1
9|12|79920|446|11|0|1
9|12|79920|449|11|0|1
9|12|79920|445|11|0|1
9|12|79920|445|11|0|1
9|12|79920|445|11|0|1
9|12|79920|450|11|0|1
9|12|79920|467|11|0|1
9|12|79920|445|11|0|1
9|12|79920|450|11|0|1
9|12|79920|443|11|0|1
9|12|79920|451|11|0|1
9|12|79920|446|11|0|1
9|12|79920|451|11|0|1
9|12|79920|444|11|0|1
9|12|79920|452|11|0|1
9|12|79920|445|11|0|1
9|12|79920|450|11|0|1
9|12|79920|447|11|0|1
9|12|79920|449|11|0|1
9|12|79920|445|11|0|1
9|12|79920|451|11|0|1
9|12|79920|445|11|0|1
9|12|79920|451|11|0|1
9|12|79920|444|11|0|1
9|12|79920|451|11|0|1
9|12|79920|444|11|0|1
9|12|79920|448|11|0|1
9|12|79920|444|11|0|1
9|12|79920|454|11|0|1
9|12|79920|445|11|0|1
9|12|79920|453|11|0|1
9|12|79920|445|11|0|1
9|12|79920|450|11|0|1
9|12|79920|447|11|0|1
9|12|79920|453|11|0|1
9|12|79920|445|11|0|1
9|12|79920|445|11|0|1
9|12|79920|446|11|0|1
9|12|79920|445|11|0|1
9|12|79920|449|11|0|1
9|12|79920|447|11|0|1
9|12|79920|452|11|0|1
9|12|79920|447|11|0|1
9|12|79920|448|11|0|1
9|12|79920|445|11|0|1
9|12|79920|448|11|0|1
9|12|79920|446|11|0|1
9|12|79920|452|11|0|1
9|12|79920|445|11|0|1
9|12|79920|452|11|0|1
9|12|79920|444|11|0|1
9|12|79920|450|11|0|1
9|12|79920|445|11|0|1
9|12|79920|450|11|0|1
9|12|79920|446|11|0|1
9|12|79920|450|11|0|1
9|12|79920|445|11|0|1
9|12|79920|450|11|0|1
9|12|79920|446|11|0|1
9|12|79920|451|11|0|1
9|12|79920|444|11|0|1
9|12|79920|453|11|0|1
9|12|79920|446|11|0|1
9|12|79920|446|11|0|1
9|12|79920|444|11|0|1
9|12|79920|445|11|0|1
9|12|79920|451|11|0|1
9|12|79920|448|11|0|1
9|12|79920|453|11|0|1
9|12|79920|445|11|0|1
9|12|79920|454|11|0|1
9|12|79920|446|11|0|1
9|12|79920|451|11|0|1
9|12|79920|446|11|0|1
9|12|79920|451|11|0|1
9|12|79920|444|11|0|1
9|12|79920|451|11|0|1
9|12|79920|445|11|0|1
9|12|79920|447|11|0|1
9|12|79920|447|11|0|1
9|12|79920|445|11|0|1
9|12|79920|450|11|0|1
9|12|79920|445|11|0|1
9|12|79920|454|11|0|1
9|12|79920|446|11|0|1
9|12|79920|451|11|0|1
9|12|79920|446|11|0|1
9|12|79920|450|11|0|1
9|12|79920|445|11|0|1
9|12|79920|452|11|0|1
9|12|79920|445|11|0|1
9|12|79920|453|11|0|1
9|12|79920|445|11|0|1
9|12|79920|448|11|0|1
9|12|79920|445|11|0|1
9|12|79920|451|11|0|1
9|12|79920|445|11|0|1
9|12|79920|451|11|0|1
9|12|79920|445|11|0|1
9|12|79920|452|11|0|1
9|12|79920|446|11|0|1
9|12|79920|453|11|0|1
9|12|79920|446|11|0|1
9|12|79920|444|11|0|1
9|12|79920|445|11|0|1
9|12|79920|444|11|0|1
9|12|79920|451|11|0|1
9|12|79920|444|11|0|1
9|12|79920|452|11|0|1
9|12|79920|445|11|0|1
9|12|79920|452|11|0|1
9|12|79920|445|11|0|1
9|12|79920|450|11|0|1
9|12|79920|445|11|0|1
9|12|79920|450|11|0|1
9|12|79920|444|11|0|1
9|12|79920|458|11|0|1
9|12|79920|450|11|0|1
9|12|79920|453|11|0|1
9|12|79920|446|11|0|1
9|12|79920|453|11|0|1
9|12|79920|446|11|0|1
9|12|79920|452|11|0|1
9|12|79920|447|11|0|1
9|12|79920|450|11|0|1
9|12|79920|445|11|0|1
9|12|79920|454|11|0|1
9|12|79920|446|11|0|1
9|12|79920|452|11|0|1
9|12|79920|447|11|0|1
9|12|79920|446|11|0|1
9|12|79920|446|11|0|1
9|12|79920|446|11|0|1
9|12|79920|450|11|0|1
9|12|79920|447|11|0|1
9|12|79920|452|11|0|1
9|12|79920|444|11|0|1
9|12|79920|449|11|0|1
9|12|79920|445|11|0|1
9|12|79920|453|11|0|1
9|12|79920|448|11|0|1
9|12|79920|814|11|0|1
9|12|79920|453|11|0|1
9|12|79920|445|11|0|1
9|12|79920|451|11|0|1
9|12|79920|445|11|0|1
9|12|79920|452|11|0|1
9|12|79920|446|11|0|1
9|12|79920|445|11|0|1
9|12|79920|446|11|0|1
9|12|79920|447|11|0|1
9|12|79920|450|11|0|1
9|12|79920|444|11|0|1
9|12|79920|456|11|0|1
9|12|79920|447|11|0|1
9|12|79920|448|11|0|1
9|12|79920|446|11|0|1
9|12|79920|451|11|0|1
9|12|79920|446|11|0|1
9|12|79920|450|11|0|1
9|12|79920|445|11|0|1
9|12|79920|451|11|0|1
9|12|79920|445|11|0|1
9|12|79920|462|11|0|1
9|12|79920|446|11|0|1
9|12|79920|453|11|0|1
9|12|79920|444|11|0|1
9|12|79920|450|11|0|1
9|12|79920|444|11|0|1
9|12|79920|451|11|0|1
9|12|79920|445|11|0|1
9|12|79920|451|11|0|1
9|12|79920|446|11|0|1
9|12|79920|445|11|0|1
9|12|79920|444|11|0|1
9|12|79920|444|11|0|1
9|12|79920|450|11|0|1
9|12|79920|447|11|0|1
9|12|79920|452|11|0|1
9|12|79920|445|11|0|1
9|12|79920|448|11|0|1
9|12|79920|445|11|0|1
9|12|79920|450|11|0|1
9|12|79920|446|11|0|1
9|12|79920|452|11|0|1
9|12|79920|445|11|0|1
9|12|79920|450|11|0|1
9|12|79920|446|11|0|1
9|12|79920|452|11|0|1
9|12|79920|445|11|0|1
9|12|79920|451|11|0|1
9|12|79920|448|11|0|1
9|12|79920|451|11|0|1
9|12|79920|445|11|0|1
9|12|79920|453|11|0|1
9|12|79920|446|11|0|1
9|12|79920|444|11|0|1
9|12|79920|447|11|0|1
9|12|79920|444|11|0|1
9|12|79920|449|11|0|1
9|12|79920|444|11|0|1
9|12|79920|451|11|0|1
9|12|79920|445|11|0|1
9|12|79920|450|11|0|1
9|12|79920|446|11|0|1
9|12|79920|450|11|0|1
9|12|79920|445|11|0|1
9|12|79920|451|11|0|1
9|12|79920|447|11|0|1
9|12|79920|452|11|0|1
9|12|79920|446|11|0|1
9|12|79920|454|11|0|1
9|12|79920|445|11|0|1
9|12|79920|465|11|0|1
9|12|79920|446|11|0|1
9|12|79920|451|11|0|1
9|12|79920|445|11|0|1
9|12|79920|450|11|0|1
9|12|79920|447|11|0|1
9|12|79920|451|11|0|1
9|12|79920|444|11|0|1
9|12|79920|447|11|0|1
9|12|79920|446|11|0|1
9|12|79920|446|11|0|1
9|12|79920|450|11|0|1
9|12|79920|445|11|0|1
9|12|79920|452|11|0|1
9|12|79920|444|11|0|1
9|12|79920|451|11|0|1
9|12|79920|444|11|0|1
9|12|79920|448|11|0|1
9|12|79920|444|11|0|1
9|12|79920|450|11|0|1
9|12|79920|447|11|0|1
9|12|79920|451|11|0|1
9|12|79920|448|11|0|1
9|12|79920|449|11|0|1
9|12|79920|446|11|0|1
9|12|79920|452|11|0|1
9|12|79920|445|11|0|1
9|12|79920|450|11|0|1
9|12|79920|445|11|0|1
9|12|79920|450|11|0|1
9|12|79920|445|11|0|1
9|12|79920|445|11|0|1
9|12|79920|445|11|0|1
9|12|79920|446|11|0|1
9|12|79920|452|11|0|1
9|12|79920|445|11|0|1
9|12|79920|452|11|0|1
9|12|79920|449|11|0|1
9|12|79920|452|11|0|1
9|12|79920|446|11|0|1
9|12|79920|452|11|0|1
9|12|79920|445|11|0|1
9|12|79920|449|11|0|1
9|12|79920|445|11|0|1
9|12|79920|452|11|0|1
9|12|79920|444|11|0|1
9|12|79920|451|11|0|1
9|12|79920|443|11|0|1
9|12|79920|449|11|0|1
9|12|79920|444|11|0|1
9|12|79920|452|11|0|1
9|12|79920|446|11|0|1
9|12|79920|452|11|0|1
9|12|79920|444|11|0|1
9|12|79920|445|11|0|1
9|12|79920|451|11|0|1
9|12|79920|444|11|0|1
9|12|79920|451|11|0|1
9|12|79920|445|11|0|1
9|12|79920|452|11|0|1
9|12|79920|446|11|0|1
9|12|79920|449|11|0|1
9|12|79920|444|11|0|1
9|12|79920|451|11|0|1
9|12|79920|445|11|0|1
9|12|79920|455|11|0|1
9|12|79920|446|11|0|1
9|12|79920|458|11|0|1
9|12|79920|445|11|0|1
9|12|79920|453|11|0|1
9|12|79920|443|11|0|1
9|12|79920|450|11|0|1
9|12|79920|445|11|0|1
9|12|79920|453|11|0|1
9|12|79920|446|11|0|1
9|12|79920|454|11|0|1
9|12|79920|445|11|0|1
9|12|79920|445|11|0|1
9|12|79920|444|11|0|1
9|12|79920|447|11|0|1
9|12|79920|451|11|0|1
9|12|79920|447|11|0|1
9|12|79920|450|11|0|1
9|12|79920|445|11|0|1
9|12|79920|452|11|0|1
9|12|79920|444|11|0|1
9|12|79920|450|11|0|1
9|12|79920|445|11|0|1
9|12|79920|451|11|0|1
9|12|79920|446|11|0|1
9|12|79920|451|11|0|1
9|12|79920|446|11|0|1
9|12|79920|450|11|0|1
9|12|79920|444|11|0|1
9|12|79920|452|11|0|1
9|12|79920|452|11|0|1
9|12|79920|454|11|0|1
9|12|79920|446|11|0|1
9|12|79920|450|11|0|1
9|12|79920|446|11|0|1
9|12|79920|446|11|0|1
9|12|79920|450|11|0|1
9|12|79920|444|11|0|1
9|12|79920|451|11|0|1
9|12|79920|444|11|0|1
9|12|79920|450|11|0|1
9|12|79920|445|11|0|1
9|12|79920|451|11|0|1
9|12|79920|447|11|0|1
9|12|79920|452|11|0|1
9|12|79920|443|11|0|1
9|12|79920|450|11|0|1
9|12|79920|444|11|0|1
9|12|79920|451|11|0|1
9|12|79920|443|11|0|1
9|12|79920|450|11|0|1
9|12|79920|445|11|0|1
9|12|79920|451|11|0|1
9|12|79920|444|11|0|1
9|12|79920|451|11|0|1
9|12|79920|446|11|0|1
9|12|79920|445|11|0|1
9|12|79920|446|11|0|1
9|12|79920|445|11|0|1
9|12|79920|449|11|0|1
9|12|79920|444|11|0|1
9|12|79920|449|11|0|1
9|12|79920|444|11|0|1
9|12|79920|451|11|0|1
9|12|79920|445|11|0|1
9|12|79920|449|11|0|1
9|12|79920|445|11|0|1
9|12|79920|451|11|0|1
9|12|79920|445|11|0|1
9|12|79920|452|11|0|1
9|12|79920|449|11|0|1
9|12|79920|699|11|0|1
9|12|79920|445|11|0|1
9|12|79920|451|11|0|1
9|12|79920|446|11|0|1
9|12|79920|451|11|0|1
9|12|79920|444|11|0|1
9|12|79920|449|11|0|1
9|12|79920|445|11|0|1
9|12|79920|453|11|0|1
9|12|79920|444|11|0|1
9|12|79920|451|11|0|1
9|12|79920|445|11|0|1
9|12|79920|450|11|0|1
9|12|79920|443|11|0|1
9|12|79920|451|11|0|1
9|12|79920|447|11|0|1
9|12|79920|451|11|0|1
9|12|79920|449|11|0|1
9|12|79920|447|11|0|1
9|12|79920|447|11|0|1
9|12|79920|446|11|0|1
9|12|79920|453|11|0|1
9|12|79920|445|11|0|1
9|12|79920|452|11|0|1
9|12|79920|446|11|0|1
9|12|79920|450|11|0|1
9|12|79920|447|11|0|1
9|12|79920|451|11|0|1
9|12|79920|444|11|0|1
9|12|79920|451|11|0|1
9|12|79920|444|11|0|1
9|12|79920|448|11|0|1
9|12|79920|444|11|0|1
9|12|79920|451|11|0|1
9|12|79920|445|11|0|1
9|12|79920|450|11|0|1
9|12|79920|447|11|0|1
9|12|79920|449|11|0|1
9|12|79920|444|11|0|1
9|12|79920|444|11|0|1
9|12|79920|444|11|0|1
9|12|79920|445|11|0|1
9|12|79920|453|11|0|1
9|12|79920|443|11|0|1
9|12|79920|450|11|0|1
9|12|79920|443|11|0|1
9|12|79920|452|11|0|1
9|12|79920|443|11|0|1
9|12|79920|450|11|0|1
9|12|79920|443|11|0|1
9|12|79920|451|11|0|1
9|12|79920|446|11|0|1
9|12|79920|451|11|0|1
9|12|79920|444|11|0|1
9|12|79920|451|11|0|1
9|12|79920|446|11|0|1
9|12|79920|450|11|0|1
9|12|79920|445|11|0|1
9|12|79920|451|11|0|1
9|12|79920|446|11|0|1
9|12|79920|445|11|0|1
9|12|79920|446|11|0|1
9|12|79920|444|11|0|1
9|12|79920|449|11|0|1
9|12|79920|444|11|0|1
9|12|79920|452|11|0|1
9|12|79920|444|11|0|1
9|12|79920|450|11|0|1
9|12|79920|445|11|0|1
9|12|79920|450|11|0|1
9|12|79920|446|11|0|1
9|12|79920|453|11|0|1
9|12|79920|444|11|0|1
9|12|79920|452|11|0|1
9|12|79920|445|11|0|1
9|12|79920|464|11|0|1
9|12|79920|445|11|0|1
9|12|79920|456|11|0|1
9|12|79920|444|11|0|1
9|12|79920|453|11|0|1
9|12|79920|446|11|0|1
9|12|79920|449|11|0|1
9|12|79920|446|11|0|1
9|12|79920|443|11|0|1
9|12|79920|446|11|0|1
9|12|79920|444|11|0|1
9|12|79920|450|11|0|1
9|12|79920|445|11|0|1
9|12|79920|451|11|0|1
9|12|79920|446|11|0|1
9|12|79920|451|11|0|1
9|12|79920|445|11|0|1
9|12|79920|452|11|0|1
9|12|79920|446|11|0|1
9|12|79920|451|11|0|1
9|12|79920|445|11|0|1
9|12|79920|452|11|0|1
9|12|79920|444|11|0|1
9|12|79920|451|11|0|1
9|12|79920|445|11|0|1
9|12|79920|452|11|0|1
9|12|79920|446|11|0|1
9|12|79920|451|11|0|1
9|12|79920|445|11|0|1
9|12|79920|444|11|0|1
9|12|79920|445|11|0|1
9|12|79920|444|11|0|1
9|12|79920|451|11|0|1
9|12|79920|445|11|0|1
9|12|79920|450|11|0|1
9|12|79920|445|11|0|1
9|12|79920|452|11|0|1
9|12|79920|444|11|0|1
9|12|79920|450|11|0|1
9|12|79920|444|11|0|1
9|12|79920|452|11|0|1
9|12|79920|445|11|0|1
9|12|79920|451|11|0|1
9|12|79920|445|11|0|1
9|12|79920|449|11|0|1
9|12|79920|444|11|0|1
9|12|79920|451|11|0|1
9|12|79920|444|11|0|1
9|12|79920|451|11|0|1
9|12|79920|446|11|0|1
9|12|79920|446|11|0|1
9|12|79920|449|11|0|1
9|12|79920|446|11|0|1
9|12|79920|452|11|0|1
9|12|79920|445|11|0|1
9|12|79920|451|11|0|1
9|12|79920|444|11|0|1
9|12|79920|448|11|0|1
9|12|79920|444|11|0|1
9|12|79920|450|11|0|1
9|12|79920|444|11|0|1
9|12|79920|451|11|0|1
9|12|79920|445|11|0|1
9|12|79920|451|11|0|1
9|12|79920|443|11|0|1
9|12|79920|451|11|0|1
9|12|79920|445|11|0|1
9|12|79920|451|11|0|1
9|12|79920|446|11|0|1
9|12|79920|448|11|0|1
9|12|79920|445|11|0|1
9|12|79920|444|11|0|1
9|12|79920|453|11|0|1
9|12|79920|445|11|0|1
9|12|79920|451|11|0|1
9|12|79920|443|11|0|1
9|12|79920|449|11|0|1
9|12|79920|445|11|0|1
9|12|79920|452|11|0|1
9|12|79920|444|11|0|1
9|12|79920|449|11|0|1
9|12|79920|446|11|0|1
9|12|79920|450|11|0|1
9|12|79920|445|11|0|1
9|12|79920|452|11|0|1
9|12|79920|446|11|0|1
9|12|79920|450|11|0|1
9|12|79920|446|11|0|1
9|12|79920|457|11|0|1
9|12|79920|445|11|0|1
9|12|79920|452|11|0|1
9|12|79920|445|11|0|1
9|12|79920|444|11|0|1
9|12|79920|450|11|0|1
9|12|79920|444|11|0|1
9|12|79920|451|11|0|1
9|12|79920|443|11|0|1
9|12|79920|451|11|0|1
9|12|79920|446|11|0|1
9|12|79920|451|11|0|1
9|12|79920|445|11|0|1
9|12|79920|450|11|0|1
9|12|79920|445|11|0|1
9|12|79920|451|11|0|1
9|12|79920|448|11|0|1
9|12|79920|456|11|0|1
9|12|79920|445|11|0|1
9|12|79920|452|11|0|1
9|12|79920|445|11|0|1
9|12|79920|452|11|0|1
9|12|79920|445|11|0|1
9|12|79920|445|11|0|1
9|12|79920|446|11|0|1
9|12|79920|443|11|0|1
9|12|79920|450|11|0|1
9|12|79920|445|11|0|1
9|12|79920|452|11|0|1
9|12|79920|443|11|0|1
9|12|79920|452|11|0|1
9|12|79920|446|11|0|1
9|12|79920|451|11|0|1
9|12|79920|445|11|0|1
9|12|79920|451|11|0|1
9|12|79920|444|11|0|1
9|12|79920|450|11|0|1
9|12|79920|446|11|0|1
9|12|79920|450|11|0|1
9|12|79920|445|11|0|1
9|12|79920|451|11|0|1
9|12|79920|444|11|0|1
9|12|79920|450|11|0|1
9|12|79920|445|11|0|1
9|12|79920|446|11|0|1
9|12|79920|454|11|0|1
9|12|79920|446|11|0|1
9|12|79920|583|11|0|1
9|12|79920|449|11|0|1
9|12|79920|444|11|0|1
9|12|79920|445|11|0|1
9|12|79920|451|11|0|1
9|12|79920|445|11|0|1
9|12|79920|453|11|0|1
9|12|79920|445|11|0|1
9|12|79920|451|11|0|1
9|12|79920|444|11|0|1
9|12|79920|452|11|0|1
9|12|79920|446|11|0|1
9|12|79920|453|11|0|1
9|12|79920|443|11|0|1
9|12|79920|449|11|0|1
9|12|79920|447|11|0|1
9|12|79920|449|11|0|1
9|12|79920|444|11|0|1
9|12|79920|450|11|0|1
9|12|79920|445|11|0|1
9|12|79920|451|11|0|1
9|12|79920|447|11|0|1
9|12|79920|444|11|0|1
9|12|79920|445|11|0|1
9|12|79920|445|11|0|1
9|12|79920|454|11|0|1
9|12|79920|445|11|0|1
9|12|79920|450|11|0|1
9|12|79920|445|11|0|1
9|12|79920|452|11|0|1
9|12|79920|444|11|0|1
9|12|79920|450|11|0|1
9|12|79920|445|11|0|1
9|12|79920|452|11|0|1
9|12|79920|444|11|0|1
9|12|79920|451|11|0|1
9|12|79920|444|11|0|1
9|12|79920|452|11|0|1
9|12|79920|446|11|0|1
9|12|79920|452|11|0|1
9|12|79920|447|11|0|1
9|12|79920|454|11|0|1
9|12|79920|444|11|0|1
9|12|79920|444|11|0|1
9|12|79920|450|11|0|1
9|12|79920|444|11|0|1
9|12|79920|458|11|0|1
9|12|79920|445|11|0|1
9|12|79920|452|11|0|1
9|12|79920|445|11|0|1
9|12|79920|452|11|0|1
9|12|79920|445|11|0|1
9|12|79920|453|11|0|1
9|12|79920|444|11|0|1
9|12|79920|452|11|0|1
9|12|79920|445|11|0|1
9|12|79920|455|11|0|1
9|12|79920|445|11|0|1
9|12|79920|451|11|0|1
9|12|79920|445|11|0|1
9|12|79920|452|11|0|1
9|12|79920|444|11|0|1
9|12|79920|444|11|0|1
9|12|79920|445|11|0|1
9|12|79920|444|11|0|1
9|12|79920|450|11|0|1
9|12|79920|444|11|0|1
9|12|79920|453|11|0|1
9|12|79920|445|11|0|1
9|12|79920|451|11|0|1
9|12|79920|445|11|0|1
9|12|79920|450|11|0|1
9|12|79920|446|11|0|1
9|12|79920|452|11|0|1
9|12|79920|446|11|0|1
9|12|79920|455|11|0|1
9|12|79920|447|11|0|1
9|12|79920|467|11|0|1
9|12|79920|448|11|0|1
9|12|79920|454|11|0|1
9|12|79920|452|11|0|1
9|12|79920|455|11|0|1
9|12|79920|448|11|0|1
9|12|79920|454|11|0|1
9|12|79920|449|11|0|1
9|12|79920|444|11|0|1
9|12|79920|451|11|0|1
9|12|79920|445|11|0|1
9|12|79920|454|11|0|1
9|12|79920|445|11|0|1
9|12|79920|455|11|0|1
9|12|79920|447|11|0|1
9|12|79920|452|11|0|1
9|12|79920|446|11|0|1
9|12|79920|453|11|0|1
9|12|79920|445|11|0|1
9|12|79920|452|11|0|1
9|12|79920|444|11|0|1
9|12|79920|450|11|0|1
9|12|79920|449|11|0|1
9|12|79920|490|11|0|1
9|12|79920|459|11|0|1
9|12|79920|459|11|0|1
9|12|79920|449|11|0|1
9|12|79920|454|11|0|1
9|12|79920|447|11|0|1
9|12|79920|458|11|0|1
9|12|79920|447|11|0|1
9|12|79920|452|11|0|1
9|12|79920|445|11|0|1
9|12|79920|449|11|0|1
9|12|79920|456|11|0|1
9|12|79920|446|11|0|1
9|12|79920|453|11|0|1
9|12|79920|445|11|0|1
9|12|79920|453|11|0|1
9|12|79920|446|11|0|1
9|12|79920|453|11|0|1
9|12|79920|446|11|0|1
9|12|79920|453|11|0|1
9|12|79920|445|11|0|1
9|12|79920|454|11|0|1
9|12|79920|445|11|0|1
9|12|79920|451|11|0|1
9|12|79920|447|11|0|1
9|12|79920|453|11|0|1
9|12|79920|444|11|0|1
9|12|79920|452|11|0|1
9|12|79920|446|11|0|1
9|12|79920|453|11|0|1
9|12|79920|446|11|0|1
9|12|79920|445|11|0|1
9|12|79920|454|11|0|1
9|12|79920|445|11|0|1
9|12|79920|453|11|0|1
9|12|79920|445|11|0|1
9|12|79920|454|11|0|1
9|12|79920|446|11|0|1
9|12|79920|450|11|0|1
9|12|79920|444|11|0|1
9|12|79920|451|11|0|1
9|12|79920|445|11|0|1
9|12|79920|455|11|0|1
9|12|79920|444|11|0|1
9|12|79920|454|11|0|1
9|12|79920|446|11|0|1
9|12|79920|450|11|0|1
9|12|79920|444|11|0|1
9|12|79920|451|11|0|1
9|12|79920|446|11|0|1
9|12|79920|445|11|0|1
9|12|79920|455|11|0|1
9|12|79920|444|11|0|1
9|12|79920|452|11|0|1
9|12|79920|446|11|0|1
9|12|79920|451|11|0|1
9|12|79920|446|11|0|1
9|12|79920|454|11|0|1
9|12|79920|446|11|0|1
9|12|79920|454|11|0|1
9|12|79920|446|11|0|1
9|12|79920|450|11|0|1
9|12|79920|445|11|0|1
9|12|79920|452|11|0|1
9|12|79920|444|11|0|1
9|12|79920|454|11|0|1
9|12|79920|445|11|0|1
9|12|79920|449|11|0|1
9|12|79920|445|11|0|1
9|12|79920|453|11|0|1
9|12|79920|445|11|0|1
9|12|79920|445|11|0|1
9|12|79920|454|11|0|1
9|12|79920|446|11|0|1
9|12|79920|450|11|0|1
9|12|79920|445|11|0|1
9|12|79920|452|11|0|1
9|12|79920|445|11|0|1
9|12|79920|452|11|0|1
9|12|79920|446|11|0|1
9|12|79920|450|11|0|1
9|12|79920|445|11|0|1
9|12|79920|451|11|0|1
9|12|79920|445|11|0|1
9|12|79920|457|11|0|1
9|12|79920|446|11|0|1
9|12|79920|461|11|0|1
9|12|79920|444|11|0|1
9|12|79920|451|11|0|1
9|12|79920|446|11|0|1
9|12|79920|446|11|0|1
9|12|79920|443|11|0|1
9|12|79920|446|11|0|1
9|12|79920|453|11|0|1
9|12|79920|446|11|0|1
9|12|79920|451|11|0|1
9|12|79920|446|11|0|1
9|12|79920|453|11|0|1
9|12|79920|446|11|0|1
9|12|79920|453|11|0|1
9|12|79920|445|11|0|1
9|12|79920|452|11|0|1
9|12|79920|444|11|0|1
9|12|79920|453|11|0|1
9|12|79920|444|11|0|1
9|12|79920|456|11|0|1
9|12|79920|453|11|0|1
9|12|79920|457|11|0|1
9|12|79920|450|11|0|1
9|12|79920|469|11|0|1
9|12|79920|449|11|0|1
9|12|79920|445|11|0|1
9|12|79920|452|11|0|1
9|12|79920|446|11|0|1
9|12|79920|453|11|0|1
9|12|79920|447|11|0|1
9|12|79920|450|11|0|1
9|12|79920|445|11|0|1
9|12|79920|450|11|0|1
9|12|79920|446|11|0|1
9|12|79920|456|11|0|1
9|12|79920|448|11|0|1
9|12|79920|453|11|0|1
9|12|79920|445|11|0|1
9|12|79920|450|11|0|1
9|12|79920|446|11|0|1
9|12|79920|452|11|0|1
9|12|79920|444|11|0|1
9|12|79920|450|11|0|1
9|12|79920|445|11|0|1
9|12|79920|445|11|0|1
9|12|79920|449|11|0|1
9|12|79920|445|11|0|1
9|12|79920|452|11|0|1
9|12|79920|446|11|0|1
9|12|79920|450|11|0|1
9|12|79920|444|11|0|1
9|12|79920|449|11|0|1
9|12|79920|445|11|0|1
9|12|79920|450|11|0|1
9|12|79920|445|11|0|1
9|12|79920|452|11|0|1
9|12|79920|444|11|0|1
9|12|79920|450|11|0|1
9|12|79920|445|11|0|1
9|12|79920|452|11|0|1
9|12|79920|444|11|0|1
9|12|79920|449|11|0|1
9|12|79920|446|11|0|1
9|12|79920|444|11|0|1
9|12|79920|450|11|0|1
9|12|79920|444|11|0|1
9|12|79920|452|11|0|1
9|12|79920|445|11|0|1
9|12|79920|450|11|0|1
9|12|79920|445|11|0|1
9|12|79920|450|11|0|1
9|12|79920|445|11|0|1
9|12|79920|452|11|0|1
9|12|79920|447|11|0|1
9|12|79920|451|11|0|1
9|12|79920|446|11|0|1
9|12|79920|452|11|0|1
9|12|79920|445|11|0|1
9|12|79920|451|11|0|1
9|12|79920|446|11|0|1
9|12|79920|445|11|0|1
9|12|79920|450|11|0|1
9|12|79920|446|11|0|1
9|12|79920|450|11|0|1
9|12|79920|444|11|0|1
9|12|79920|452|11|0|1
9|12|79920|446|11|0|1
9|12|79920|451|11|0|1
9|12|79920|446|11|0|1
9|12|79920|449|11|0|1
9|12|79920|446|11|0|1
9|12|79920|449|11|0|1
9|12|79920|444|11|0|1
9|12|79920|452|11|0|1
9|12|79920|444|11|0|1
9|12|79920|448|11|0|1
9|12|79920|444|11|0|1
9|12|79920|445|11|0|1
9|12|79920|446|11|0|1
9|12|79920|445|11|0|1
9|12|79920|450|11|0|1
9|12|79920|444|11|0|1
9|12|79920|453|11|0|1
9|12|79920|443|11|0|1
9|12|79920|470|11|0|1
9|12|79920|446|11|0|1
9|12|79920|453|11|0|1
9|12|79920|449|11|0|1
9|12|79920|450|11|0|1
9|12|79920|444|11|0|1
9|12|79920|450|11|0|1
9|12|79920|444|11|0|1
9|12|79920|451|11|0|1
9|12|79920|446|11|0|1
9|12|79920|448|11|0|1
9|12|79920|444|11|0|1
9|12|79920|445|11|0|1
9|12|79920|449|11|0|1
9|12|79920|446|11|0|1
9|12|79920|452|11|0|1
9|12|79920|447|11|0|1
9|12|79920|451|11|0|1
9|12|79920|446|11|0|1
9|12|79920|454|11|0|1
9|12|79920|447|11|0|1
9|12|79920|453|11|0|1
9|12|79920|446|11|0|1
9|12|79920|457|11|0|1
9|12|79920|445|11|0|1
9|12|79920|452|11|0|1
9|12|79920|446|11|0|1
9|12|79920|454|11|0|1
9|12|79920|447|11|0|1
9|12|79920|448|11|0|1
9|12|79920|445|11|0|1
9|12|79920|446|11|0|1
9|12|79920|452|11|0|1
9|12|79920|446|11|0|1
9|12|79920|452|11|0|1
9|12|79920|447|11|0|1
9|12|79920|449|11|0|1
9|12|79920|445|11|0|1
9|12|79920|453|11|0|1
-1|-1|-1|-1|-1|-1|-1|504,322
