N1|N2|QID|Time|Degree|Overtime|Heu|TotalTime
9|12|321|256,649|6|0|0|0
9|12|321|255,879|6|0|0|0
9|12|321|255,922|6|0|0|0
9|12|321|255,965|6|0|0|0
9|12|321|256,123|6|0|0|0
9|12|321|257,307|6|0|0|0
9|12|321|255,514|6|0|0|0
9|12|321|255,571|6|0|0|0
9|12|321|255,534|6|0|0|0
9|12|321|255,795|6|0|0|0
9|12|321|255,913|6|0|0|0
9|12|321|254,708|6|0|0|0
9|12|321|254,685|6|0|0|0
9|12|321|255,605|6|0|0|0
9|12|321|256,084|6|0|0|0
9|12|321|255,815|6|0|0|0
9|12|321|256,699|6|0|0|0
9|12|321|256,677|6|0|0|0
9|12|321|256,292|6|0|0|0
9|12|321|255,239|6|0|0|0
9|12|321|254,915|6|0|0|0
9|12|321|254,991|6|0|0|0
9|12|321|254,180|6|0|0|0
9|12|321|254,347|6|0|0|0
9|12|321|254,591|6|0|0|0
9|12|321|254,628|6|0|0|0
9|12|321|254,516|6|0|0|0
9|12|321|254,551|6|0|0|0
9|12|321|254,397|6|0|0|0
9|12|321|254,229|6|0|0|0
9|12|321|254,361|6|0|0|0
9|12|321|254,228|6|0|0|0
9|12|321|254,230|6|0|0|0
9|12|321|254,170|6|0|0|0
9|12|321|254,156|6|0|0|0
9|12|321|255,513|6|0|0|0
9|12|321|255,775|6|0|0|0
9|12|321|255,826|6|0|0|0
9|12|321|255,883|6|0|0|0
9|12|321|255,838|6|0|0|0
9|12|321|255,789|6|0|0|0
9|12|321|254,487|6|0|0|0
9|12|321|253,868|6|0|0|0
9|12|321|253,841|6|0|0|0
9|12|321|254,149|6|0|0|0
9|12|321|254,210|6|0|0|0
9|12|321|254,281|6|0|0|0
9|12|321|254,351|6|0|0|0
9|12|321|254,372|6|0|0|0
9|12|321|254,453|6|0|0|0
9|12|321|254,276|6|0|0|0
9|12|321|254,313|6|0|0|0
9|12|321|254,228|6|0|0|0
9|12|321|254,210|6|0|0|0
9|12|321|254,562|6|0|0|0
9|12|321|254,540|6|0|0|0
9|12|321|254,444|6|0|0|0
9|12|321|254,498|6|0|0|0
9|12|321|254,654|6|0|0|0
9|12|321|254,636|6|0|0|0
9|12|321|254,608|6|0|0|0
9|12|321|254,612|6|0|0|0
9|12|321|254,747|6|0|0|0
9|12|321|254,732|6|0|0|0
9|12|321|254,857|6|0|0|0
9|12|321|254,783|6|0|0|0
9|12|321|254,434|6|0|0|0
9|12|321|255,811|6|0|0|0
9|12|321|255,753|6|0|0|0
9|12|321|256,628|6|0|0|0
9|12|321|256,932|6|0|0|0
9|12|321|256,896|6|0|0|0
9|12|321|256,914|6|0|0|0
9|12|321|255,470|6|0|0|0
9|12|321|255,330|6|0|0|0
9|12|321|255,555|6|0|0|0
9|12|321|255,096|6|0|0|0
9|12|321|255,206|6|0|0|0
9|12|321|255,481|6|0|0|0
9|12|321|255,799|6|0|0|0
9|12|321|256,379|6|0|0|0
9|12|321|255,356|6|0|0|0
9|12|321|255,310|6|0|0|0
9|12|321|255,259|6|0|0|0
9|12|321|255,266|6|0|0|0
9|12|321|255,052|6|0|0|0
9|12|321|254,583|6|0|0|0
9|12|321|254,380|6|0|0|0
9|12|321|254,704|6|0|0|0
9|12|321|254,642|6|0|0|0
9|12|321|254,533|6|0|0|0
9|12|321|254,611|6|0|0|0
9|12|321|254,493|6|0|0|0
9|12|321|254,442|6|0|0|0
9|12|321|254,127|6|0|0|0
9|12|321|254,178|6|0|0|0
9|12|321|254,112|6|0|0|0
9|12|321|254,014|6|0|0|0
9|12|321|255,137|6|0|0|0
9|12|321|255,117|6|0|0|0
9|12|321|255,208|6|0|0|0
9|12|321|255,225|6|0|0|0
9|12|321|255,237|6|0|0|0
9|12|321|255,336|6|0|0|0
9|12|321|254,334|6|0|0|0
9|12|321|254,486|6|0|0|0
9|12|321|254,423|6|0|0|0
9|12|321|255,697|6|0|0|0
9|12|321|255,596|6|0|0|0
9|12|321|255,638|6|0|0|0
9|12|321|255,504|6|0|0|0
9|12|321|255,311|6|0|0|0
9|12|321|255,243|6|0|0|0
9|12|321|254,013|6|0|0|0
9|12|321|254,025|6|0|0|0
9|12|321|253,951|6|0|0|0
9|12|321|253,974|6|0|0|0
9|12|321|254,137|6|0|0|0
9|12|321|254,181|6|0|0|0
9|12|321|254,145|6|0|0|0
9|12|321|254,448|6|0|0|0
9|12|321|254,352|6|0|0|0
9|12|321|254,560|6|0|0|0
9|12|321|254,476|6|0|0|0
9|12|321|254,594|6|0|0|0
9|12|321|254,654|6|0|0|0
9|12|321|254,438|6|0|0|0
9|12|321|254,283|6|0|0|0
9|12|321|254,270|6|0|0|0
9|12|321|254,416|6|0|0|0
9|12|321|254,317|6|0|0|0
9|12|321|254,201|6|0|0|0
9|12|321|254,251|6|0|0|0
9|12|321|254,381|6|0|0|0
9|12|321|254,173|6|0|0|0
9|12|321|254,124|6|0|0|0
9|12|321|254,113|6|0|0|0
9|12|321|254,378|6|0|0|0
9|12|321|255,094|6|0|0|0
9|12|321|255,338|6|0|0|0
9|12|321|255,365|6|0|0|0
9|12|321|255,191|6|0|0|0
9|12|321|255,267|6|0|0|0
9|12|321|254,973|6|0|0|0
9|12|321|254,909|6|0|0|0
9|12|321|255,185|6|0|0|0
9|12|321|255,212|6|0|0|0
9|12|321|255,499|6|0|0|0
9|12|321|255,428|6|0|0|0
9|12|321|255,533|6|0|0|0
9|12|321|254,524|6|0|0|0
9|12|321|254,288|6|0|0|0
9|12|321|254,168|6|0|0|0
9|12|321|254,007|6|0|0|0
9|12|321|254,114|6|0|0|0
9|12|321|253,895|6|0|0|0
9|12|321|253,912|6|0|0|0
9|12|321|254,739|6|0|0|0
9|12|321|254,840|6|0|0|0
9|12|321|254,890|6|0|0|0
9|12|321|254,910|6|0|0|0
9|12|321|255,112|6|0|0|0
9|12|321|255,269|6|0|0|0
9|12|321|255,209|6|0|0|0
9|12|321|255,245|6|0|0|0
9|12|321|255,099|6|0|0|0
9|12|321|255,935|6|0|0|0
9|12|321|255,924|6|0|0|0
9|12|321|255,172|6|0|0|0
9|12|321|255,236|6|0|0|0
9|12|321|255,740|6|0|0|0
9|12|321|255,861|6|0|0|0
9|12|321|254,967|6|0|0|0
9|12|321|254,944|6|0|0|0
9|12|321|254,934|6|0|0|0
9|12|321|254,672|6|0|0|0
9|12|321|254,108|6|0|0|0
9|12|321|254,079|6|0|0|0
9|12|321|253,992|6|0|0|0
9|12|321|254,040|6|0|0|0
9|12|321|254,065|6|0|0|0
9|12|321|254,280|6|0|0|0
9|12|321|254,332|6|0|0|0
9|12|321|254,279|6|0|0|0
9|12|321|254,236|6|0|0|0
9|12|321|254,182|6|0|0|0
9|12|321|254,233|6|0|0|0
9|12|321|253,925|6|0|0|0
9|12|321|253,805|6|0|0|0
9|12|321|253,817|6|0|0|0
9|12|321|254,106|6|0|0|0
9|12|321|254,085|6|0|0|0
9|12|321|254,097|6|0|0|0
9|12|321|254,200|6|0|0|0
9|12|321|254,309|6|0|0|0
9|12|321|254,309|6|0|0|0
9|12|321|254,332|6|0|0|0
9|12|321|254,313|6|0|0|0
9|12|321|254,366|6|0|0|0
9|12|321|254,241|6|0|0|0
9|12|321|255,586|6|0|0|0
9|12|321|255,600|6|0|0|0
9|12|321|255,311|6|0|0|0
9|12|321|255,278|6|0|0|0
9|12|321|255,211|6|0|0|0
9|12|321|255,308|6|0|0|0
9|12|321|253,977|6|0|0|0
9|12|321|253,934|6|0|0|0
9|12|321|254,067|6|0|0|0
9|12|321|254,245|6|0|0|0
9|12|321|254,158|6|0|0|0
9|12|321|254,265|6|0|0|0
9|12|321|254,216|6|0|0|0
9|12|321|254,281|6|0|0|0
9|12|321|254,357|6|0|0|0
9|12|321|254,225|6|0|0|0
9|12|321|254,235|6|0|0|0
9|12|321|254,147|6|0|0|0
9|12|321|254,181|6|0|0|0
9|12|321|254,219|6|0|0|0
9|12|321|254,144|6|0|0|0
9|12|321|254,089|6|0|0|0
9|12|321|254,213|6|0|0|0
9|12|321|254,370|6|0|0|0
9|12|321|254,425|6|0|0|0
9|12|321|255,580|6|0|0|0
9|12|321|255,546|6|0|0|0
9|12|321|255,589|6|0|0|0
9|12|321|255,441|6|0|0|0
9|12|321|256,310|6|0|0|0
9|12|321|256,221|6|0|0|0
9|12|321|254,964|6|0|0|0
9|12|321|255,189|6|0|0|0
9|12|321|255,283|6|0|0|0
9|12|321|255,415|6|0|0|0
9|12|321|254,466|6|0|0|0
9|12|321|254,403|6|0|0|0
9|12|321|254,332|6|0|0|0
9|12|321|254,348|6|0|0|0
9|12|321|254,305|6|0|0|0
9|12|321|254,260|6|0|0|0
9|12|321|255,498|6|0|0|0
9|12|321|255,657|6|0|0|0
9|12|321|255,743|6|0|0|0
9|12|321|255,639|6|0|0|0
9|12|321|255,644|6|0|0|0
9|12|321|255,709|6|0|0|0
9|12|321|254,369|6|0|0|0
9|12|321|254,319|6|0|0|0
9|12|321|254,305|6|0|0|0
9|12|321|254,111|6|0|0|0
9|12|321|254,063|6|0|0|0
9|12|321|254,050|6|0|0|0
9|12|321|254,088|6|0|0|0
9|12|321|254,082|6|0|0|0
9|12|321|254,363|6|0|0|0
9|12|321|254,412|6|0|0|0
9|12|321|254,552|6|0|0|0
9|12|321|254,520|6|0|0|0
9|12|321|254,390|6|0|0|0
9|12|321|254,391|6|0|0|0
9|12|321|254,233|6|0|0|0
9|12|321|254,220|6|0|0|0
9|12|321|217,996|6|0|0|0
9|12|321|181,858|6|0|0|0
9|12|321|145,755|6|0|0|0
9|12|321|109,618|6|0|0|0
9|12|321|73,323|6|0|0|0
-1|-1|-1|-1|-1|-1|-1|11,636,091
